0 -> 0
1 0 0
0 1 0
0 0 1
1 -> 0
   0.996002   0.0745945     29.0697
 -0.0465082      1.0065    -19.1055
4.83828e-06 5.96513e-06           1
2 -> 0
   0.985735     0.14352      59.757
 -0.0906615      1.0025     15.0841
9.46771e-06 6.09834e-06           1
3 -> 0
   0.966024    0.216628     103.933
  -0.142683    0.988758     73.0197
1.21052e-05 2.99379e-06           1
4 -> 0
    0.942655     0.291398      144.085
   -0.197805     0.969063      131.603
 1.55366e-05 -2.63564e-08            1
5 -> 0
   0.915251    0.373245     169.895
  -0.256476    0.950468     123.359
1.80999e-05 4.95043e-06           1
6 -> 0
   0.884972    0.468192     131.868
   -0.32348    0.929712     90.4583
2.47827e-05 1.52767e-05           1
7 -> 0
   0.858277    0.544822     119.719
  -0.370305    0.911445     15.3103
2.79449e-05 2.89642e-05           1
8 -> 0
   0.832224    0.608914     111.542
  -0.407631    0.890323    -44.8399
3.03006e-05 4.02811e-05           1
9 -> 0
   0.779067    0.678874      174.77
  -0.453261    0.839824    -38.0283
3.23611e-05 4.14202e-05           1
10 -> 0
   0.732684    0.726863      228.66
  -0.488254    0.795264    -12.3434
3.32934e-05 4.04119e-05           1
11 -> 0
  0.679788   0.776604    276.292
 -0.525743   0.745836    1.60478
3.4348e-05 4.1308e-05          1
12 -> 0
   0.626821    0.830414     288.421
    -0.5643    0.695779    -7.30732
3.70115e-05 4.72711e-05           1
13 -> 0
   0.574999    0.885819     265.809
  -0.599782    0.647787     -52.433
3.71599e-05 5.95293e-05           1
14 -> 0
   0.531056    0.935862     216.712
  -0.628307    0.604784    -108.341
3.81062e-05 7.40147e-05           1
15 -> 0
   0.484353    0.979504     172.421
  -0.654029    0.556997    -149.021
3.90215e-05 8.63742e-05           1
16 -> 0
  0.431878    1.00138    190.927
 -0.669972   0.503662   -171.226
3.7251e-05 8.9469e-05          1
17 -> 0
   0.369275     1.00857     259.389
  -0.682086    0.441452    -163.474
 3.5481e-05 8.54817e-05           1
18 -> 0
   0.227456     1.05513     288.056
  -0.742018    0.308498     46.0365
5.45768e-05 8.59414e-05           1
19 -> 0
   0.125005     1.06324     319.105
  -0.754226    0.210114      29.631
5.26651e-05 9.20235e-05           1
20 -> 0
  0.0323357     1.07507     303.555
  -0.768092    0.121765     44.3969
5.41157e-05 0.000103417           1
21 -> 0
  -0.050336     1.06593     309.311
  -0.766444   0.0426268     22.5041
5.05991e-05 0.000109841           1
22 -> 0
  -0.124522     1.05139     302.355
  -0.760397  -0.0323088      3.8883
4.92023e-05 0.000116597           1
23 -> 0
  -0.224691     1.01135     377.981
  -0.744013   -0.129223     35.7284
5.17746e-05 0.000116573           1
24 -> 0
   -0.29732    0.962697     417.801
  -0.716485   -0.201662    -5.67485
4.85649e-05 0.000115059           1
25 -> 0
  -0.374719    0.895372     482.176
  -0.677276   -0.274426    -61.3908
4.25577e-05 0.000109905           1
26 -> 0
  -0.451094    0.815373      540.03
  -0.628371   -0.346271    -123.869
 3.6444e-05 0.000103536           1
27 -> 0
  -0.531187    0.724086     573.163
  -0.567647   -0.417751    -189.445
2.59621e-05 9.82378e-05           1
28 -> 0
  -0.659227    0.572678     542.045
  -0.459751   -0.542124    -237.864
1.35444e-05 0.000106774           1
29 -> 0
  -0.720717    0.461201     501.021
  -0.377203   -0.602162    -287.589
2.00615e-06 0.000108109           1
30 -> 0
  -0.772714    0.316021     441.402
  -0.262933    -0.65356    -351.884
-1.87841e-05 0.000105187           1
31 -> 0
  -0.800862    0.185064     378.291
  -0.159209   -0.684242    -396.416
-3.6477e-05 0.000101422           1
32 -> 0
  -0.802275   0.0102261     297.793
 -0.0246695   -0.689891    -478.342
-5.10108e-05 8.48679e-05           1
33 -> 0
  -0.784303   -0.137681     201.428
  0.0916983   -0.680266    -525.052
-6.20131e-05 7.29649e-05           1
34 -> 0
 -0.747216  -0.283491    97.8163
  0.215399  -0.660166   -526.603
-8.0958e-05 6.6847e-05          1
35 -> 0
 -0.692107  -0.419066   -5.12097
  0.330787   -0.62252   -508.407
-9.76643e-05 5.8959e-05          1
36 -> 0
  -0.611866   -0.544753    -88.1414
   0.433994   -0.566453    -482.675
-0.000111662 4.92547e-05           1
37 -> 0
  -0.510168   -0.654663    -182.786
   0.526031   -0.489282    -457.757
-0.000123613 3.33897e-05           1
38 -> 0
  -0.390269   -0.742381    -297.995
   0.602438   -0.389187    -441.019
-0.000128425 8.02537e-06           1
39 -> 0
   -0.254434    -0.806837     -442.699
     0.66259    -0.272548      -426.82
-0.000128856 -2.18333e-05            1
40 -> 0
  0.00653975    -0.865865     -640.668
    0.723792   -0.0538684     -357.102
-0.000124598 -6.72612e-05            1
41 -> 0
    0.164963    -0.871062     -726.222
     0.73014    0.0832268     -298.854
-0.000113776 -8.88546e-05            1
42 -> 0
    0.317766    -0.851555     -777.267
    0.712017     0.219906     -242.194
-9.77678e-05 -0.000104745            1
43 -> 0
    0.460946     -0.81762     -705.003
     0.66875     0.353066     -224.086
-7.91838e-05 -0.000101526            1
44 -> 0
    0.583134    -0.795222     -399.425
    0.614989     0.480879     -209.597
-7.55838e-05 -6.93202e-05            1
45 -> 0
     0.65774    -0.752284     -276.441
    0.568977     0.568552      -259.53
-6.21421e-05 -5.33147e-05            1
46 -> 0
    0.717551    -0.697648     -292.999
     0.52505     0.634933     -199.897
 -5.2941e-05 -5.92727e-05            1
47 -> 0
    0.785268    -0.615283     -392.295
    0.464711     0.703192     -67.5924
-4.02377e-05 -7.89019e-05            1
48 -> 0
    0.847709    -0.524015     -457.449
    0.395376     0.765091      43.3424
-2.69173e-05 -9.29996e-05            1
49 -> 0
    0.901284    -0.424496     -454.419
     0.31441     0.827004      76.1299
-1.21672e-05 -9.16296e-05            1
50 -> 0
    0.937277    -0.332093     -433.289
    0.240489     0.878122      46.3323
 2.38967e-06 -8.14802e-05            1
51 -> 0
    0.927896    -0.329195     -128.843
    0.238243     0.891477      40.7962
-1.84422e-05 -6.75253e-05            1
52 -> 0
    0.943964    -0.253057     -83.8141
    0.184341     0.924689     -17.5877
-9.97447e-06 -5.65863e-05            1
53 -> 0
    0.955581    -0.171708     -48.5036
    0.126966     0.948467       -3.808
-2.12957e-06 -5.40274e-05            1
54 -> 0
    0.961938   -0.0917238     -35.4124
   0.0684283     0.960898      68.9856
 5.08294e-06 -5.86165e-05            1
55 -> 0
    0.963168  -0.00659695     -17.9093
  0.00601673     0.968805      129.183
 1.30216e-05 -6.08308e-05            1
56 -> 0
    0.959031    0.0831627      8.01856
  -0.0605846     0.970256      184.364
 2.24809e-05 -6.15851e-05            1
57 -> 0
    0.944804     0.199167      20.8578
   -0.143647     0.969996      162.077
 3.49066e-05 -5.03169e-05            1
58 -> 0
    0.930075     0.269628      65.8379
   -0.184655     0.970934      64.5347
 3.83362e-05 -3.17323e-05            1
59 -> 0
    0.912866     0.343665      74.2705
   -0.229457     0.965817     -18.2382
 4.24301e-05 -1.51345e-05            1
60 -> 0
    0.890066     0.405063      108.736
   -0.268638     0.948718     -15.8031
 4.63327e-05 -1.04745e-05            1
61 -> 0
    0.858392     0.472884      147.371
   -0.318975     0.920795       31.574
 5.16947e-05 -1.02051e-05            1
62 -> 0
   0.820822    0.543954      180.87
   -0.37475    0.885577     91.7561
5.84217e-05 -9.9528e-06           1
